 #gdR#distances
   9.9653040766179428E-321   1.1520128664080346E-319
   0.0000000000000000       0.18678949699918221     
   0.0000000000000000       0.31131582833197041     
   0.0000000000000000       0.43584215966475853     
   0.0000000000000000       0.56036849099754671     
   0.0000000000000000       0.68489482233033483     
   0.0000000000000000       0.80942115366312306     
   0.0000000000000000       0.93394748499591118     
   0.0000000000000000        1.0584738163286991     
   0.0000000000000000        1.1830001476614873     
   0.0000000000000000        1.3075264789942755     
   0.0000000000000000        1.4320528103270638     
   0.0000000000000000        1.5565791416598520     
   0.0000000000000000        1.6811054729926400     
   0.0000000000000000        1.8056318043254278     
   0.0000000000000000        1.9301581356582165     
   0.0000000000000000        2.0546844669910045     
   0.0000000000000000        2.1792107983237927     
   0.0000000000000000        2.3037371296565805     
   0.0000000000000000        2.4282634609893687     
   0.0000000000000000        2.5527897923221570     
   0.0000000000000000        2.6773161236549452     
   0.0000000000000000        2.8018424549877334     
   0.0000000000000000        2.9263687863205212     
   0.0000000000000000        3.0508951176533099     
   0.0000000000000000        3.1754214489860981     
   0.0000000000000000        3.2999477803188859     
   0.0000000000000000        3.4244741116516737     
   0.0000000000000000        3.5490004429844619     
   0.0000000000000000        3.6735267743172511     
   0.0000000000000000        3.7980531056500384     
   0.0000000000000000        3.9225794369828266     
   0.0000000000000000        4.0471057683156149     
   0.0000000000000000        4.1716320996484031     
   0.0000000000000000        4.2961584309811913     
   0.0000000000000000        4.4206847623139796     
   0.0000000000000000        4.5452110936467678     
   0.0000000000000000        4.6697374249795560     
   0.0000000000000000        4.7942637563123442     
   0.0000000000000000        4.9187900876451316     
   0.0000000000000000        5.0433164189779207     
   0.0000000000000000        5.1678427503107081     
   0.0000000000000000        5.2923690816434963     
   0.0000000000000000        5.4168954129762845     
   0.0000000000000000        5.5414217443090719     
   0.0000000000000000        5.6659480756418610     
   0.0000000000000000        5.7904744069746483     
   0.0000000000000000        5.9150007383074366     
   0.0000000000000000        6.0395270696402257     
   0.0000000000000000        6.1640534009730139     
   0.0000000000000000        6.2885797323058021     
   0.0000000000000000        6.4131060636385895     
   0.0000000000000000        6.5376323949713777     
   0.0000000000000000        6.6621587263041659     
   0.0000000000000000        6.7866850576369542     
   0.0000000000000000        6.9112113889697424     
   0.0000000000000000        7.0357377203025298     
   0.0000000000000000        7.1602640516353189     
   0.0000000000000000        7.2847903829681062     
   0.0000000000000000        7.4093167143008953     
   0.0000000000000000        7.5338430456336836     
   6.7312140095385984E-005   7.6583693769664718     
   3.2587714551682957E-004   7.7828957082992591     
   8.2080524903781552E-004   7.9074220396320474     
   9.7914058637909858E-004   8.0319483709648356     
   1.7209179361516607E-003   8.1564747022976238     
   3.0512486051182878E-003   8.2810010336304121     
   4.0790644756274084E-003   8.4055273649631985     
   6.8907749105006884E-003   8.5300536962959885     
   8.0643158243280250E-003   8.6545800276287768     
   1.0039769788600307E-002   8.7791063589615650     
   1.2350533462102239E-002   8.9036326902943532     
   1.5305847533597617E-002   9.0281590216271415     
   1.6353145321208993E-002   9.1526853529599297     
   1.6651016748509485E-002   9.2772116842927179     
   1.7418772757634954E-002   9.4017380156255044     
   1.9141537598190508E-002   9.5262643469582926     
   2.1787474265078346E-002   9.6507906782910808     
   2.3632193881909472E-002   9.7753170096238691     
   2.7391898132502871E-002   9.8998433409566573     
   3.0487202430018082E-002   10.024369672289446     
   3.3154970061621332E-002   10.148896003622236     
   4.1632754793387967E-002   10.273422334955022     
   5.8716627273942522E-002   10.397948666287812     
   8.6715809537688288E-002   10.522474997620598     
  0.13237741255622509        10.647001328953387     
  0.20504315428205561        10.771527660286175     
  0.33243141469208182        10.896053991618963     
  0.50172838346505155        11.020580322951751     
  0.74421217754166635        11.145106654284540     
   1.0222941599606603        11.269632985617326     
   1.3279141218189756        11.394159316950116     
   1.6477636878437072        11.518685648282904     
   1.9069580542442601        11.643211979615691     
   2.1325476255328466        11.767738310948479     
   2.2693752950725665        11.892264642281267     
   2.3993919497123279        12.016790973614057     
   2.5057342844946278        12.141317304946845     
   2.5273560408024029        12.265843636279634     
   2.5176733425172397        12.390369967612422     
   2.4391095397439955        12.514896298945210     
   2.3598263308335095        12.639422630277997     
   2.3000236392178683        12.763948961610787     
   2.2087357001044321        12.888475292943573     
   2.0910118089839114        13.013001624276363     
   1.9796893477857807        13.137527955609150     
   1.8800608496252178        13.262054286941938     
   1.7228199473995587        13.386580618274726     
   1.6306979060466096        13.511106949607514     
   1.5594319833941164        13.635633280940301     
   1.4873185384671181        13.760159612273091     
   1.4270521928696811        13.884685943605879     
   1.3750407912267801        14.009212274938665     
   1.3035848761241018        14.133738606271454     
   1.2314722024393985        14.258264937604244     
   1.1662691853603335        14.382791268937028     
   1.1211970263869733        14.507317600269818     
   1.0758794218890204        14.631843931602610     
   1.0280635406085401        14.756370262935395     
  0.99696983116169446        14.880896594268185     
  0.97880812228476755        15.005422925600973     
  0.95215592024396867        15.129949256933763     
  0.92656233792535336        15.254475588266548     
  0.91988081306957725        15.379001919599338     
  0.89939777153156208        15.503528250932126     
  0.89318802586117563        15.628054582264912     
  0.87181968063273019        15.752580913597701     
  0.87310743096684063        15.877107244930491     
  0.85149181204964453        16.001633576263277     
  0.82998170898161228        16.126159907596065     
  0.82257274551414661        16.250686238928854     
  0.80106977190112294        16.375212570261642     
  0.79599916378754376        16.499738901594430     
  0.79514703455502467        16.624265232927218     
  0.79098113814716708        16.748791564260006     
  0.78775248462634717        16.873317895592791     
  0.79281373097560315        16.997844226925583     
  0.79023852087426372        17.122370558258371     
  0.77415665303866510        17.246896889591156     
  0.78204145301588668        17.371423220923948     
  0.78202763228949435        17.495949552256736     
  0.77014867787249452        17.620475883589524     
  0.78693565111241659        17.745002214922312     
  0.77915890376355301        17.869528546255101     
  0.76820477248589381        17.994054877587885     
  0.75671949559911678        18.118581208920677     
  0.76121669093936106        18.243107540253465     
  0.76676321231393174        18.367633871586253     
  0.75971542443576412        18.492160202919038     
  0.75710422361805607        18.616686534251830     
  0.75706914345219578        18.741212865584618     
  0.76168329361477105        18.865739196917403     
  0.76461191049309063        18.990265528250191     
  0.77408825889301336        19.114791859582983     
  0.77800840694231010        19.239318190915768     
  0.79636786392181269        19.363844522248556     
  0.79257451213766250        19.488370853581344     
  0.80562441121522255        19.612897184914136     
  0.81109770818615567        19.737423516246920     
  0.80742403616736746        19.861949847579709     
  0.80081367347341448        19.986476178912497     
  0.80119607752056787        20.111002510245285     
  0.82026118312750507        20.235528841578077     
  0.83249650622191651        20.360055172910865     
  0.84526840127467151        20.484581504243650     
  0.85494828027107650        20.609107835576438     
  0.86896397348320276        20.733634166909230     
  0.88318393498249814        20.858160498242015     
  0.90697753963719341        20.982686829574803     
  0.92342385986802722        21.107213160907591     
  0.93872243925420495        21.231739492240379     
  0.95653687787553632        21.356265823573167     
  0.97294372215841363        21.480792154905956     
  0.99411980178140069        21.605318486238744     
   1.0207177525708420        21.729844817571532     
   1.0339252147372757        21.854371148904320     
   1.0525794260005656        21.978897480237109     
   1.0691892151818372        22.103423811569893     
   1.0735917176641785        22.227950142902685     
   1.0901330418898003        22.352476474235473     
   1.1050785603857258        22.477002805568258     
   1.1196371535113061        22.601529136901050     
   1.1350036503831922        22.726055468233838     
   1.1334790249500162        22.850581799566626     
   1.1401030030847692        22.975108130899415     
   1.1470661663244246        23.099634462232203     
   1.1639233636094737        23.224160793564987     
   1.1733392910910359        23.348687124897779     
   1.1721581822248515        23.473213456230567     
   1.1532475483312834        23.597739787563356     
   1.1638179910618986        23.722266118896140     
   1.1586721898691248        23.846792450228932     
   1.1639516061189634        23.971318781561720     
   1.1483891646115960        24.095845112894505     
   1.1371358555296138        24.220371444227293     
   1.1275509022995662        24.344897775560085     
   1.1194929297837142        24.469424106892870     
   1.0988774194791511        24.593950438225658     
   1.0932740755523251        24.718476769558446     
   1.0809788962989120        24.843003100891238     
   1.0736049080259751        24.967529432224023     
   1.0601660595072442        25.092055763556811     
   1.0389428160564100        25.216582094889599     
   1.0411942914381449        25.341108426222387     
   1.0302327798496553        25.465634757555176     
   1.0217498487488552        25.590161088887964     
  0.99821142388868445        25.714687420220748     
  0.99534243367428799        25.839213751553540     
  0.99888946993604255        25.963740082886329     
  0.98485172235946461        26.088266414219117     
  0.97767711441102034        26.212792745551901     
  0.96659836417710399        26.337319076884693     
  0.96335220914130659        26.461845408217481     
  0.96172733689112899        26.586371739550273     
  0.95629485644475110        26.710898070883061     
  0.95808684381923348        26.835424402215846     
  0.95888160436098391        26.959950733548638     
  0.95469685751743505        27.084477064881426     
  0.95116697146928886        27.209003396214214     
  0.94555850287104803        27.333529727547003     
  0.93891276780684685        27.458056058879787     
  0.94645781365044312        27.582582390212576     
  0.95526955237704825        27.707108721545364     
  0.95341722220374459        27.831635052878152     
  0.95576275736490512        27.956161384210940     
  0.94908715262589927        28.080687715543732     
  0.93951927490493659        28.205214046876520     
  0.93700873572516230        28.329740378209301     
  0.93386240376887097        28.454266709542090     
  0.93615388066610705        28.578793040874881     
  0.93512159493282865        28.703319372207670     
  0.94923615842336895        28.827845703540458     
  0.94795050297294847        28.952372034873246     
  0.95710254709631426        29.076898366206034     
  0.95792043094595891        29.201424697538819     
  0.96728356593805787        29.325951028871607     
  0.96581213930656606        29.450477360204395     
  0.97427917157988864        29.575003691537187     
  0.97412012868798803        29.699530022869975     
  0.96847034428469136        29.824056354202764     
  0.96842681580390444        29.948582685535545     
  0.97246731366690620        30.073109016868337     
  0.99229731417000511        30.197635348201125     
  0.99087088933350609        30.322161679533913     
  0.98569100392563891        30.446688010866701     
  0.99528397394567136        30.571214342199490     
  0.98588003395231993        30.695740673532281     
  0.97588455424509246        30.820267004865062     
  0.97029313151086816        30.944793336197851     
  0.96895195369537002        31.069319667530642     
  0.97463252516164778        31.193845998863431     
